[-0.05867466  0.0951041   0.04250614 -0.0146226  -0.16935086 -0.02719373
 -0.09114243 -0.09812542  0.14442523 -0.08501605  0.16098405  0.0230624
 -0.22036549 -0.05535344 -0.01934148  0.0942542  -0.14673793 -0.10537575
 -0.14322668 -0.13472889 -0.01987819  0.01202941  0.00197405 -0.01621484
 -0.12565191 -0.20660229 -0.11347643 -0.15171669  0.16915502 -0.1110125
  0.00371524  0.10759562 -0.10864513 -0.10693538  0.0416179   0.15975997
 -0.0077067  -0.03328524  0.20646781 -0.03960025 -0.196852   -0.02329131
  0.06093817  0.24177657  0.24124581  0.04394035  0.07138947 -0.02855565
  0.16566026 -0.20260829  0.08130315  0.15398671  0.16937619  0.09052216
  0.11237488 -0.23761317  0.05373517  0.21403104 -0.15126276  0.11611166
  0.10615143 -0.17359225 -0.02823629  0.02698141  0.16979054  0.08653083
 -0.04339467 -0.19354132  0.25833207 -0.18564686 -0.07947003  0.15893018
 -0.13486364 -0.06679641 -0.30131686 -0.02815749  0.47366238  0.15157133
 -0.10223302  0.0190218  -0.05949388 -0.07235011  0.01154976  0.08179478
 -0.10663036 -0.07075754 -0.11122604  0.00580593  0.21492139 -0.01065634
  0.03056315  0.14362909  0.02308379  0.02056737 -0.01669491  0.00892098
 -0.1237734  -0.04078416 -0.04838254 -0.08572007  0.08296433 -0.16399273
  0.02607765  0.1177556  -0.18465738  0.13499963 -0.05326721  0.05291084
 -0.03069018 -0.02705503 -0.00595835  0.06051186  0.30124754 -0.21682137
  0.20371354  0.21900877 -0.02345595  0.08172739  0.10444247  0.11016154
  0.00895916 -0.08967049 -0.20710301 -0.11423455 -0.05110559 -0.10284051
  0.0156587   0.08010288]
[-0.05219509  0.12486016  0.05925504 -0.01578958 -0.15579626  0.03267136
 -0.02419466 -0.19338869  0.18200412 -0.06108946  0.2528106  -0.0954751
 -0.24455342  0.01465192 -0.01000052  0.09953284 -0.12707968 -0.12206411
 -0.01313559 -0.10259683  0.09489454  0.08259284  0.01783178  0.03723577
 -0.10411009 -0.28803697 -0.10761952 -0.10765378  0.12453314 -0.09293045
  0.0013903   0.05555687 -0.16110007 -0.07791996  0.05008572  0.02710455
 -0.08564112 -0.07728554  0.19715127 -0.03495564 -0.16568525 -0.07515518
  0.02405035  0.22915937  0.12515023  0.04200828  0.01638749 -0.10284882
  0.06839422 -0.22775008  0.06524845  0.15795693  0.04164928  0.0218453
  0.12451977 -0.19722684 -0.04016629  0.18670261 -0.11835073  0.09495959
  0.06071571 -0.0859972  -0.00431624 -0.07645933  0.19655409  0.05312999
 -0.03125001 -0.15140559  0.1595739  -0.08270942 -0.12702321  0.15391697
 -0.13365613 -0.15763882 -0.28589645 -0.03990718  0.53401852  0.04245104
 -0.18576345  0.02431071 -0.04312991 -0.00727268  0.15108095  0.04450897
  0.00798057 -0.08145813 -0.14950882 -0.02169582  0.20474601 -0.08540217
 -0.05464164  0.19314429 -0.04440131  0.05250098  0.03275047  0.07560405
 -0.08713755 -0.01323084 -0.10783193 -0.12288094  0.03703872 -0.00422822
 -0.05236614  0.17435943 -0.21678622  0.13307044  0.02726521 -0.01179055
 -0.02045978 -0.06571478 -0.04366706  0.02832849  0.2053162  -0.31933263
  0.13536669  0.15102722 -0.05217039  0.14624666 -0.02330165  0.02663214
 -0.00471177 -0.07643674 -0.23871945 -0.08401884  0.03532473 -0.02188691
 -0.06451852  0.01224198]
[-0.11384572  0.14902793  0.10550968 -0.05887324 -0.03565269 -0.00181685
 -0.09081221 -0.05718381  0.15290779 -0.01999134  0.21397193  0.07101558
 -0.1745145   0.04567122 -0.01205941  0.06979497 -0.1099789  -0.06622566
 -0.07841164 -0.06303692  0.0126194   0.12424108  0.00428314 -0.02613082
 -0.14963502 -0.27113533 -0.08181997 -0.04020745  0.02104961 -0.10072209
 -0.01320209  0.03413368 -0.128286   -0.0483689   0.07665647  0.09060775
 -0.03698415  0.01880121  0.14037177  0.02624548 -0.12736109  0.04363941
  0.08611093  0.31702831  0.20111984  0.07108787  0.01003534 -0.0791546
  0.02862522 -0.2131663   0.07309248  0.11298212  0.09797614  0.11092156
  0.06689432 -0.1366462   0.01058035  0.05262455 -0.12848781  0.0577753
  0.10395301 -0.01730606 -0.02139026  0.00081384  0.25052008  0.09515361
 -0.14955388 -0.11199529  0.07625291 -0.11002504 -0.10530848  0.04308443
 -0.11624478 -0.13436258 -0.24244829  0.08335488  0.42697662  0.1046994
 -0.19374439  0.04169231 -0.0631432  -0.03006967  0.03609665  0.0219893
 -0.16703442  0.02227083 -0.0247749   0.06214636  0.24802461  0.04335421
 -0.05677489  0.16204683  0.03510927  0.05039684  0.06638857  0.07384942
 -0.04832142 -0.03842989 -0.17035533 -0.04223045  0.04002621 -0.07966936
  0.02982276  0.19823191 -0.20916836  0.22301096  0.04205621 -0.02389846
  0.05304185  0.15243827 -0.09730684 -0.07215639  0.16204514 -0.23595679
  0.19080649  0.17385651  0.06253322  0.08962588  0.0836347   0.07807397
  0.01452998  0.10516466 -0.08517186 -0.08711306  0.02022718 -0.02754708
  0.09299627  0.06333938]
[-8.56020600e-02  3.60810533e-02 -2.62863524e-02 -7.10768551e-02
 -3.39685008e-02 -1.33596063e-01  4.06912435e-03 -1.48266509e-01
  1.04724824e-01 -5.86200915e-02  1.86630189e-01  5.66598494e-03
 -1.41832784e-01 -1.10846438e-01  4.43171002e-02  1.42092019e-01
 -2.00816870e-01 -2.04555735e-01 -9.40300673e-02 -2.33439989e-02
  8.56172442e-02 -6.74852654e-02  2.23371312e-02  1.65844634e-02
 -5.36271222e-02 -2.75254190e-01 -1.45814791e-01 -5.20282835e-02
  1.02687903e-01  3.97946760e-02  6.47521615e-02  4.14429121e-02
 -2.35396981e-01 -1.12984680e-01  9.00197253e-02  8.63266066e-02
 -1.78497713e-02 -8.78050923e-02  2.22381204e-01 -8.31049867e-03
 -1.92811713e-01  5.71565218e-02  3.83391827e-02  2.44410798e-01
  1.70029551e-01  1.56704951e-02  7.49532804e-02 -1.22096874e-01
  4.78807315e-02 -1.63038641e-01  6.25187382e-02  1.30779281e-01
  1.09213792e-01  9.15870816e-02 -8.46748147e-03 -1.49552852e-01
  1.33210793e-01  8.10983777e-02 -2.14519471e-01 -4.53383438e-02
  9.26018879e-02 -6.53489530e-02 -3.26137096e-02 -8.36993381e-03
  2.07990080e-01  1.10619061e-01 -5.18988818e-02 -2.30234206e-01
  1.38266280e-01 -9.61868092e-02 -7.23586977e-02  5.00370562e-02
 -1.74087554e-01 -1.09390013e-01 -2.78363883e-01 -3.56118381e-03
  3.99211586e-01  6.62192777e-02 -1.49533853e-01  1.06594980e-01
 -1.04641490e-01  2.41039116e-02  1.11032352e-01  4.40189503e-02
 -6.51575848e-02  4.77688424e-02 -1.06304698e-01  6.51149228e-02
  1.86565951e-01 -6.10237382e-02 -9.57458764e-02  1.19744815e-01
  2.93772724e-02  2.40481496e-02  8.00504014e-02  1.53780803e-02
  1.67492665e-02  4.63653468e-02 -1.64876834e-01 -5.28999679e-02
  8.07120353e-02  2.10200194e-02  3.27545255e-02  1.14251524e-01
 -1.44586131e-01  1.07524484e-01  1.98909957e-02  6.95650652e-03
 -5.10649942e-02 -1.95981339e-02 -7.69334510e-02 -3.15442719e-02
  5.84734492e-02 -2.14649126e-01  2.52991527e-01  2.10572168e-01
  8.65070056e-03  8.45959708e-02  8.89154151e-02  3.13882083e-02
 -1.89407524e-02 -2.60448679e-02 -1.95356444e-01 -2.90497410e-04
  7.04247057e-02  1.05902709e-01  1.10230289e-01  4.09273766e-02]
[-1.53645918e-01  1.31188199e-01  7.44299889e-02 -4.66933176e-02
 -5.16309105e-02 -4.93016765e-02 -3.81407663e-02 -9.11799371e-02
  1.36300176e-01 -1.12012848e-01  2.13469937e-01 -1.48387877e-02
 -1.99227378e-01 -1.06563956e-01 -4.64200377e-02  1.53746828e-01
 -1.72022000e-01 -1.09669089e-01 -5.97360581e-02 -5.43794967e-02
  9.67394412e-02  3.34871598e-02  3.63737643e-02  8.88722464e-02
 -7.30909407e-02 -4.28614527e-01 -8.75401571e-02 -1.04105726e-01
  4.76540104e-02 -5.06486967e-02  9.44488030e-03 -3.08003090e-02
 -1.99792683e-01 -2.44060475e-02 -1.82339922e-02  4.69685979e-02
  4.69184704e-02  1.53629705e-02  1.08446404e-01 -3.46293300e-02
 -1.74487263e-01  3.42437848e-02  3.22869420e-02  2.54058063e-01
  1.91205472e-01  1.55360296e-01  2.43598260e-02 -3.98771502e-02
  6.14555255e-02 -2.20832065e-01  1.44592717e-01  6.74161315e-02
  1.22801706e-01 -3.25031672e-03  1.01445384e-01 -1.31496593e-01
 -1.86756738e-02  1.02191567e-01 -2.10290700e-01  6.35242313e-02
  3.95344198e-02 -6.51800856e-02 -1.37207359e-02  1.05745178e-02
  2.61127919e-01  9.69862565e-02 -1.73010737e-01 -6.95199892e-02
  1.56037927e-01 -1.71133935e-01  1.00185331e-02  1.93072446e-02
 -5.76442517e-02 -1.15897000e-01 -3.11759979e-01  8.80572796e-02
  4.60540235e-01  1.34631723e-01 -2.01396689e-01 -2.82286052e-02
 -1.25299156e-01  3.90508026e-02  9.48674083e-02  4.03657332e-02
 -7.43252635e-02 -1.23527832e-01 -1.47987515e-01  9.82110202e-03
  1.23280168e-01  3.44084352e-02 -7.27207884e-02  2.14544743e-01
 -2.46376805e-02 -1.02617238e-02 -3.56174521e-02  1.08744986e-01
 -1.57916576e-01  4.67868522e-05 -3.85751761e-02 -1.73804350e-02
  4.44846824e-02 -2.92334240e-03 -5.12495115e-02  1.18033983e-01
 -1.88481152e-01  1.35554373e-01 -4.04494554e-02 -1.58695150e-02
  3.57438140e-02  8.60225856e-02 -1.27448037e-01 -7.06588328e-02
  6.42447993e-02 -2.65889078e-01  2.15554208e-01  1.76150307e-01
 -1.50185209e-02  1.90583542e-01  3.21578681e-02  6.39762729e-02
  2.65869834e-02 -7.59241804e-02 -1.51477188e-01 -1.35371700e-01
  8.06624591e-02 -5.96105680e-02  1.11179866e-01  3.84060517e-02]
